% -------------------------------------------------------------------
%  Generated by MATLAB on 12-Jan-2023 00:35:58
%  MATLAB version: 9.13.0.2105380 (R2022b) Update 2
% -------------------------------------------------------------------
                                           

calculted_pi = 3.1415926682597584;

relative_error = 4.6695949666842914E-9;

